Team #1
Games: 6
Points: 10
Possible records:
3-1-2
2-4-0

Team #2
Games: 1
Points: 3
Possible records:
1-0-0

Team #3
Games: 4
Points: 4
Possible records:
1-1-2
0-4-0

Team #4
Games: 1
Points: 0
Possible records:
0-0-1

Team #5
Games: 1
Points: 1
Possible records:
0-1-0

Team #6
Games: 1
Points: 3
Possible records:
1-0-0

Team #7
Games: 2
Points: 0
Possible records:
0-0-2

Team #8
Games: 2
Points: 1
Possible records:
0-1-1

Team #9
Games: 2
Points: 2
Possible records:
0-2-0

Team #10
Games: 2
Points: 3
Possible records:
1-0-1

Team #11
Games: 2
Points: 4
Possible records:
1-1-0

Team #12
Games: 2
Points: 6
Possible records:
2-0-0

Team #13
Games: 3
Points: 0
Possible records:
0-0-3

Team #14
Games: 3
Points: 1
Possible records:
0-1-2

Team #15
Games: 3
Points: 2
Possible records:
0-2-1

Team #16
Games: 3
Points: 3
Possible records:
1-0-2
0-3-0

Team #17
Games: 3
Points: 4
Possible records:
1-1-1

Team #18
Games: 3
Points: 5
Possible records:
1-2-0

Team #19
Games: 3
Points: 6
Possible records:
2-0-1

Team #20
Games: 3
Points: 7
Possible records:
2-1-0

Team #21
Games: 3
Points: 9
Possible records:
3-0-0

Team #22
Games: 10
Points: 0
Possible records:
0-0-10

Team #23
Games: 10
Points: 1
Possible records:
0-1-9

Team #24
Games: 10
Points: 2
Possible records:
0-2-8

Team #25
Games: 10
Points: 3
Possible records:
1-0-9
0-3-7

Team #26
Games: 10
Points: 4
Possible records:
1-1-8
0-4-6

Team #27
Games: 10
Points: 5
Possible records:
1-2-7
0-5-5

Team #28
Games: 10
Points: 6
Possible records:
2-0-8
1-3-6
0-6-4

Team #29
Games: 10
Points: 7
Possible records:
2-1-7
1-4-5
0-7-3

Team #30
Games: 10
Points: 8
Possible records:
2-2-6
1-5-4
0-8-2

Team #31
Games: 10
Points: 9
Possible records:
3-0-7
2-3-5
1-6-3
0-9-1

Team #32
Games: 10
Points: 10
Possible records:
3-1-6
2-4-4
1-7-2
0-10-0

Team #33
Games: 10
Points: 11
Possible records:
3-2-5
2-5-3
1-8-1

Team #34
Games: 10
Points: 12
Possible records:
4-0-6
3-3-4
2-6-2
1-9-0

Team #35
Games: 10
Points: 13
Possible records:
4-1-5
3-4-3
2-7-1

Team #36
Games: 10
Points: 14
Possible records:
4-2-4
3-5-2
2-8-0

Team #37
Games: 10
Points: 15
Possible records:
5-0-5
4-3-3
3-6-1

Team #38
Games: 10
Points: 16
Possible records:
5-1-4
4-4-2
3-7-0

Team #39
Games: 10
Points: 17
Possible records:
5-2-3
4-5-1

Team #40
Games: 10
Points: 18
Possible records:
6-0-4
5-3-2
4-6-0

Team #41
Games: 10
Points: 19
Possible records:
6-1-3
5-4-1

Team #42
Games: 10
Points: 20
Possible records:
6-2-2
5-5-0

Team #43
Games: 10
Points: 21
Possible records:
7-0-3
6-3-1

Team #44
Games: 10
Points: 22
Possible records:
7-1-2
6-4-0

Team #45
Games: 10
Points: 23
Possible records:
7-2-1

Team #46
Games: 10
Points: 24
Possible records:
8-0-2
7-3-0

Team #47
Games: 10
Points: 25
Possible records:
8-1-1

Team #48
Games: 10
Points: 26
Possible records:
8-2-0

Team #49
Games: 10
Points: 27
Possible records:
9-0-1

Team #50
Games: 10
Points: 28
Possible records:
9-1-0

Team #51
Games: 10
Points: 30
Possible records:
10-0-0

Team #52
Games: 100
Points: 0
Possible records:
0-0-100

Team #53
Games: 100
Points: 1
Possible records:
0-1-99

Team #54
Games: 100
Points: 2
Possible records:
0-2-98

Team #55
Games: 100
Points: 3
Possible records:
1-0-99
0-3-97

Team #56
Games: 100
Points: 4
Possible records:
1-1-98
0-4-96

Team #57
Games: 100
Points: 5
Possible records:
1-2-97
0-5-95

Team #58
Games: 100
Points: 6
Possible records:
2-0-98
1-3-96
0-6-94

Team #59
Games: 100
Points: 7
Possible records:
2-1-97
1-4-95
0-7-93

Team #60
Games: 100
Points: 8
Possible records:
2-2-96
1-5-94
0-8-92

Team #61
Games: 100
Points: 9
Possible records:
3-0-97
2-3-95
1-6-93
0-9-91

Team #62
Games: 100
Points: 10
Possible records:
3-1-96
2-4-94
1-7-92
0-10-90

Team #63
Games: 100
Points: 20
Possible records:
6-2-92
5-5-90
4-8-88
3-11-86
2-14-84
1-17-82
0-20-80

Team #64
Games: 100
Points: 30
Possible records:
10-0-90
9-3-88
8-6-86
7-9-84
6-12-82
5-15-80
4-18-78
3-21-76
2-24-74
1-27-72
0-30-70

Team #65
Games: 100
Points: 40
Possible records:
13-1-86
12-4-84
11-7-82
10-10-80
9-13-78
8-16-76
7-19-74
6-22-72
5-25-70
4-28-68
3-31-66
2-34-64
1-37-62
0-40-60

Team #66
Games: 100
Points: 50
Possible records:
16-2-82
15-5-80
14-8-78
13-11-76
12-14-74
11-17-72
10-20-70
9-23-68
8-26-66
7-29-64
6-32-62
5-35-60
4-38-58
3-41-56
2-44-54
1-47-52
0-50-50

Team #67
Games: 100
Points: 60
Possible records:
20-0-80
19-3-78
18-6-76
17-9-74
16-12-72
15-15-70
14-18-68
13-21-66
12-24-64
11-27-62
10-30-60
9-33-58
8-36-56
7-39-54
6-42-52
5-45-50
4-48-48
3-51-46
2-54-44
1-57-42
0-60-40

Team #68
Games: 100
Points: 70
Possible records:
23-1-76
22-4-74
21-7-72
20-10-70
19-13-68
18-16-66
17-19-64
16-22-62
15-25-60
14-28-58
13-31-56
12-34-54
11-37-52
10-40-50
9-43-48
8-46-46
7-49-44
6-52-42
5-55-40
4-58-38
3-61-36
2-64-34
1-67-32
0-70-30

Team #69
Games: 100
Points: 80
Possible records:
26-2-72
25-5-70
24-8-68
23-11-66
22-14-64
21-17-62
20-20-60
19-23-58
18-26-56
17-29-54
16-32-52
15-35-50
14-38-48
13-41-46
12-44-44
11-47-42
10-50-40
9-53-38
8-56-36
7-59-34
6-62-32
5-65-30
4-68-28
3-71-26
2-74-24
1-77-22
0-80-20

Team #70
Games: 100
Points: 90
Possible records:
30-0-70
29-3-68
28-6-66
27-9-64
26-12-62
25-15-60
24-18-58
23-21-56
22-24-54
21-27-52
20-30-50
19-33-48
18-36-46
17-39-44
16-42-42
15-45-40
14-48-38
13-51-36
12-54-34
11-57-32
10-60-30
9-63-28
8-66-26
7-69-24
6-72-22
5-75-20
4-78-18
3-81-16
2-84-14
1-87-12
0-90-10

Team #71
Games: 100
Points: 100
Possible records:
33-1-66
32-4-64
31-7-62
30-10-60
29-13-58
28-16-56
27-19-54
26-22-52
25-25-50
24-28-48
23-31-46
22-34-44
21-37-42
20-40-40
19-43-38
18-46-36
17-49-34
16-52-32
15-55-30
14-58-28
13-61-26
12-64-24
11-67-22
10-70-20
9-73-18
8-76-16
7-79-14
6-82-12
5-85-10
4-88-8
3-91-6
2-94-4
1-97-2
0-100-0

Team #72
Games: 100
Points: 150
Possible records:
50-0-50
49-3-48
48-6-46
47-9-44
46-12-42
45-15-40
44-18-38
43-21-36
42-24-34
41-27-32
40-30-30
39-33-28
38-36-26
37-39-24
36-42-22
35-45-20
34-48-18
33-51-16
32-54-14
31-57-12
30-60-10
29-63-8
28-66-6
27-69-4
26-72-2
25-75-0

Team #73
Games: 100
Points: 200
Possible records:
66-2-32
65-5-30
64-8-28
63-11-26
62-14-24
61-17-22
60-20-20
59-23-18
58-26-16
57-29-14
56-32-12
55-35-10
54-38-8
53-41-6
52-44-4
51-47-2
50-50-0

Team #74
Games: 100
Points: 250
Possible records:
83-1-16
82-4-14
81-7-12
80-10-10
79-13-8
78-16-6
77-19-4
76-22-2
75-25-0

Team #75
Games: 100
Points: 290
Possible records:
96-2-2
95-5-0

Team #76
Games: 100
Points: 294
Possible records:
98-0-2
97-3-0

Team #77
Games: 100
Points: 295
Possible records:
98-1-1

Team #78
Games: 100
Points: 296
Possible records:
98-2-0

Team #79
Games: 100
Points: 297
Possible records:
99-0-1

Team #80
Games: 100
Points: 298
Possible records:
99-1-0

Team #81
Games: 100
Points: 300
Possible records:
100-0-0

